format long
a=[5.636640244617880E-03	1.438415833541970E-02
2.969935386272200E-02	3.268800426705180E-02
7.299097004148530E-02	4.918654604520450E-02
1.355227276293620E-01	6.300833326130290E-02
2.172981502088490E-01	7.354732720427860E-02
3.183205874625260E-01	8.048139552150060E-02
4.385939247505080E-01	8.377820598062970E-02
5.781227160125760E-01	8.367036471571530E-02
7.369122198114370E-01	8.060488691192710E-02
9.149684120921620E-01	7.517602469124090E-02
1.112297991957790E+00	6.805182349210750E-02
1.328908385039560E+00	5.990425137666790E-02
1.564807745984140E+00	5.135075265678550E-02
1.820004960632900E+00	4.291219168456400E-02
2.094509648133550E+00	3.498901641767620E-02
2.388332163093140E+00	2.785465883309360E-02
2.701483597825840E+00	2.166310544384260E-02
3.033975784723060E+00	1.646640490489340E-02
3.385821298761560E+00	1.223761247924040E-02
3.757033460158660E+00	8.895127966961000E-03
4.147626337180540E+00	6.325304845008130E-03
4.557614749107810E+00	4.401320941416520E-03
4.987014269361610E+00	2.997374435820800E-03
5.435841228792770E+00	1.998146631991090E-03
5.904112719136530E+00	1.304079292194760E-03
6.391846596635060E+00	8.333438799498620E-04
6.899061485829810E+00	5.214757482602370E-04
7.425776783526000E+00	3.195753767510780E-04
7.972012662931460E+00	1.918121422272870E-04
8.537790077971940E+00	1.127643931159170E-04
9.123130767785360E+00	6.493611855418540E-05
9.728057261397390E+00	3.663032513580970E-05
1.035259288258080E+01	2.024201403636060E-05
1.099676175490130E+01	1.095823582540510E-05
1.166058880695230E+01	5.811849861131850E-06
1.234409977778210E+01	3.019850471807170E-06
1.304732122251490E+01	1.537312435520310E-06
1.377028051817130E+01	7.667448592523840E-07
1.451300586968830E+01	3.746763059327700E-07
1.527552631614440E+01	1.793829473749090E-07
1.605787173719260E+01	8.414475922868120E-08
1.686007285970420E+01	3.867176448612200E-08
1.768216126462800E+01	1.741328047468280E-08
1.852416939406770E+01	7.682177755772230E-09
1.938613055858290E+01	3.320485277406480E-09
2.026807894471600E+01	1.406136315101560E-09
2.117004962275100E+01	5.833861613658200E-10
2.209207855470710E+01	2.371269121155200E-10
2.303420260257270E+01	9.442649051501150E-11
2.399645953678430E+01	3.683718974867620E-11
2.497888804495490E+01	1.407826943168370E-11
2.598152774085730E+01	5.270743298656580E-12
2.700441917366720E+01	1.933050245304630E-12
2.804760383747200E+01	6.944663462038390E-13
2.911112418105090E+01	2.443899825150310E-13
3.019502361793150E+01	8.424154973982070E-14
3.129934653673000E+01	2.844238114607940E-14
3.242413831178020E+01	9.405619828440100E-15
3.356944531405840E+01	3.046318291444430E-15
3.473531492241090E+01	9.663031090531820E-16
3.592179553509130E+01	3.001821808845270E-16
3.712893658161320E+01	9.132136893676530E-17
3.835678853492860E+01	2.720556731672460E-17
3.960540292393710E+01	7.936376969846620E-18
4.087483234633450E+01	2.266974030097640E-18
4.216513048181110E+01	6.340310946695730E-19
4.347635210560430E+01	1.736175816494420E-19
4.480855310241880E+01	4.654518243833540E-20
4.616179048072000E+01	1.221607803915440E-20
4.753612238741210E+01	3.138646522803170E-21
4.893160812291030E+01	7.893751836508950E-22
5.034830815661630E+01	1.943261599496030E-22
5.178628414280970E+01	4.682324154850380E-23
5.324559893696410E+01	1.104203557453980E-23
5.472631661250060E+01	2.548406443869090E-24
5.622850247798970E+01	5.755644206314870E-25
5.775222309481420E+01	1.272032055400590E-25
5.929754629530530E+01	2.750765646015370E-26
6.086454120136560E+01	5.820127013257670E-27
6.245327824359180E+01	1.204774989665830E-27
6.406382918091110E+01	2.439746292725270E-28
6.569626712074680E+01	4.833020264179170E-29
6.735066653972710E+01	9.364770090424270E-30
6.902710330495350E+01	1.774797649829710E-30
7.072565469584430E+01	3.289590140801470E-31
7.244639942657070E+01	5.962704451257210E-32
7.418941766910280E+01	1.056866090202890E-32
7.595479107688290E+01	1.831630149469880E-33
7.774260280914650E+01	3.103573224231020E-34
7.955293755590840E+01	5.141112976345960E-35
8.138588156363650E+01	8.325054135517460E-36
8.324152266163190E+01	1.317694869677890E-36
8.511995028913960E+01	2.038463222410180E-37
8.702125552321060E+01	3.081858978180860E-38
8.894553110734010E+01	4.553080851979260E-39
9.089287148090570E+01	6.572654064821240E-40
9.286337280943200E+01	9.269969654367210E-41
9.485713301570670E+01	1.277251718081530E-41
9.687425181177730E+01	1.719067933159010E-42
9.891483073185620E+01	2.259877199009140E-43
1.009789731661630E+02	2.901402386754430E-44
1.030667843957420E+02	3.637622514956560E-45
1.051783716282690E+02	4.453158930854990E-46
1.073138440349100E+02	5.322469057021860E-47
1.094733127882360E+02	6.210192645157370E-48
1.116568911012560E+02	7.072869792616390E-49
1.138646942675870E+02	7.862047793059890E-50
1.160968397028130E+02	8.528544981700780E-51
1.183534469870700E+02	9.027392422676840E-52
1.206346379088970E+02	9.322785660208190E-53
1.229405365104090E+02	9.392300308515800E-54
1.252712691338220E+02	9.229687817515210E-55
1.276269644693900E+02	8.845770494925370E-56
1.300077536048140E+02	8.267262438040630E-57
1.324137700761480E+02	7.533692551407330E-58
1.348451499202880E+02	6.692922313636700E-59
1.373020317290890E+02	5.795966772857340E-60
1.397845567051630E+02	4.891899710072350E-61
1.422928687194390E+02	4.023545624794470E-62
1.448271143705400E+02	3.224460200730250E-63
1.473874430460440E+02	2.517430978553340E-64
1.499740069857190E+02	1.914454687145360E-65
1.525869613467790E+02	1.417923531460520E-66
1.552264642712780E+02	1.022616164158600E-67
1.578926769556900E+02	7.180508688082730E-69
1.605857637227840E+02	4.908058286824340E-70
1.633058920958830E+02	3.265156333590350E-71
1.660532328755970E+02	2.113802533004380E-72
1.688279602191320E+02	1.331422669128990E-73
1.716302517222920E+02	8.157968284561320E-75
1.744602885042680E+02	4.861659158169480E-76
1.773182552953420E+02	2.817369165112270E-77
1.802043405276300E+02	1.587371107066000E-78
1.831187364289840E+02	8.693721188757380E-80
1.860616391201940E+02	4.627440371244080E-81
1.890332487156370E+02	2.393301788916510E-82
1.920337694275100E+02	1.202506555699530E-83
1.950634096738250E+02	5.868414820379540E-85
1.981223821903030E+02	2.781029894903440E-86
2.012109041463770E+02	1.279523349933470E-87
2.043291972654580E+02	5.714164082556460E-89
2.074774879496780E+02	2.476403017846530E-90
2.106560074093060E+02	1.041247981095590E-91
2.138649917970550E+02	4.246676773820750E-93
2.171046823475110E+02	1.679585734756730E-94
2.203753255219290E+02	6.440306894161790E-96
2.236771731586340E+02	2.393610645145690E-97
2.270104826293240E+02	8.620486048890150E-99
2.303755170015370E+02	3.007651891495570E-100
2.337725452075920E+02	1.016306442613030E-101
2.372018422203340E+02	3.325095965314520E-103
2.406636892360020E+02	1.053039074363690E-104
2.441583738645990E+02	3.227165255836290E-106
2.476861903281330E+02	9.567689887670890E-108
2.512474396671350E+02	2.743291352606230E-109
2.548424299558950E+02	7.604706891958500E-111
2.584714765268480E+02	2.037522062943880E-112
2.621349022046280E+02	5.274627577197840E-114
2.658330375502740E+02	1.318887989548500E-115
2.695662211161590E+02	3.184228192992700E-117
2.733347997122230E+02	7.420455364958690E-119
2.771391286841200E+02	1.668527163150930E-120
2.809795722039700E+02	3.618718297041480E-122
2.848565035743940E+02	7.567170260941050E-124
2.887703055466200E+02	1.525119373635310E-125
2.927213706534510E+02	2.961392028612850E-127
2.967101015579620E+02	5.537776719318600E-129
3.007369114188690E+02	9.968817497244920E-131
3.048022242735390E+02	1.726779940406200E-132
3.089064754397210E+02	2.876915346093090E-134
3.130501119371450E+02	4.608084482922230E-136
3.172335929301850E+02	7.092809690739930E-138
3.214573901929390E+02	1.048616067591690E-139
3.257219885981170E+02	1.488350311495250E-141
3.300278866312620E+02	2.027068869109210E-143
3.343755969319580E+02	2.647796689263120E-145
